RMSE(U/Uc): 0.0560648
xR: 4.90001
RMSE(V/Uc): 0.0149723
RMSE(k/Uc^2): 0.0040874
RMSE(U/Uc)+RMSE(V/Uc)+RMSE(k/Uc^2): .0751245
